30.0300 59.4500 0.5032 963.6909 246.7687 1210.4596 614.0200 562.8800 558.2200 365.2700 2.9820 1.8200 725.5300
33.7800 59.4500 0.5068 970.0454 244.4914 1214.5368 615.0900 563.7700 559.1000 364.4400 2.9820 1.8100 726.4000
37.5300 59.4500 0.5078 971.7427 243.8421 1215.5848 615.5400 564.1700 559.4900 363.6000 2.9820 1.8100 727.2800
41.2900 59.4500 0.5079 971.8081 243.9749 1215.7830 615.8000 564.4300 559.7500 362.7600 2.9820 1.8100 728.1700
45.0400 59.4500 0.5078 971.5929 243.8937 1215.4866 615.9600 564.5900 559.9200 361.9100 2.9820 1.8100 729.0500
48.7900 59.4500 0.5077 971.3179 243.7813 1215.0991 616.1000 564.7400 560.0700 361.0700 2.9820 1.8000 729.9400
52.5500 59.4500 0.5076 971.0251 243.6999 1214.7250 616.2400 564.8900 560.2200 360.2200 2.9820 1.8000 730.8400
56.3000 59.4500 0.5075 970.7510 243.6662 1214.4172 616.3800 565.0400 560.3700 359.3700 2.9820 1.8000 731.7300
60.0500 59.4500 0.5074 970.5317 243.9717 1214.5035 616.5400 565.2600 560.5800 358.5100 2.9820 1.8000 732.6300
63.8100 59.4500 0.5073 970.2154 243.6897 1213.9051 616.6600 565.3500 560.6800 357.6500 2.9820 1.8000 733.5300
67.5600 59.4500 0.5072 969.9696 243.9357 1213.9053 616.8200 565.5400 560.8700 356.7900 2.9830 1.7900 734.4400
71.3100 59.4500 0.5071 969.7124 243.9065 1213.6189 616.9400 565.6800 561.0100 355.9300 2.9830 1.7900 735.3500
75.0700 59.4500 0.5070 969.4530 243.6798 1213.1328 617.0500 565.7800 561.1100 355.0600 2.9830 1.7900 736.2600
78.8200 59.4500 0.5069 969.2226 243.6938 1212.9164 617.1800 565.9200 561.2500 354.1900 2.9830 1.7900 737.1700
79.0200 59.4500 0.5069 969.2199 243.6245 1212.8444 617.1700 565.9100 561.2500 354.1500 2.9830 1.7900 737.2200
80.8900 59.4300 0.5069 969.2240 243.9130 1213.1370 617.2100 565.9800 561.3200 353.7100 2.9830 1.7900 737.6800
82.7700 59.3800 0.5077 970.5510 244.0712 1214.6223 617.4500 566.1300 561.4600 353.2700 2.9830 1.7900 738.1400
84.6500 59.3100 0.5089 972.7575 242.9059 1215.6634 617.5000 566.1400 561.4600 352.8300 2.9830 1.7900 738.5800
86.5200 59.2000 0.5101 974.9162 244.2683 1219.1845 618.0600 566.5700 561.8800 352.4000 2.9830 1.7900 739.0100
88.4000 59.0600 0.5121 978.6220 242.7614 1221.3834 618.2500 566.6300 561.9300 351.9500 2.9830 1.8000 739.4300
90.2800 58.8800 0.5145 982.7849 243.5073 1226.2922 618.8000 567.0200 562.3000 351.5100 2.9830 1.8000 739.8600
92.1500 58.6800 0.5173 988.0696 242.6370 1230.7065 619.1900 567.1700 562.4400 351.0700 2.9830 1.8100 740.2800
94.0300 58.4500 0.5208 994.4762 241.6464 1236.1226 619.5800 567.3500 562.6000 350.6200 2.9830 1.8100 740.7100
95.9100 58.1800 0.5245 1001.1373 243.1215 1244.2588 620.4000 567.8600 563.0700 350.1700 2.9830 1.8200 741.1400
97.7800 57.8800 0.5289 1009.2246 242.8922 1252.1168 621.0100 568.1400 563.3300 349.7200 2.9830 1.8300 741.5800
99.6600 57.5500 0.5338 1018.0979 243.2493 1261.3472 621.7800 568.5000 563.6500 349.2700 2.9830 1.8400 742.0100
101.5400 57.1800 0.5393 1028.2003 243.2714 1271.4717 622.5500 568.8400 563.9500 348.8100 2.9830 1.8600 742.4500
103.4100 56.7800 0.5453 1039.1606 244.0023 1283.1629 623.4900 569.2600 564.3200 348.3500 2.9830 1.8700 742.9000
105.2900 56.3500 0.5524 1052.1618 242.7208 1294.8825 624.1700 569.4900 564.5100 347.8800 2.9830 1.8900 743.3400
107.1700 55.8900 0.5600 1066.3151 241.2139 1307.5291 624.9000 569.6700 564.6400 347.4200 2.9830 1.9100 743.7900
109.0400 55.3900 0.5681 1081.0284 242.5462 1323.5746 626.1100 570.2100 565.1200 346.9500 2.9830 1.9300 744.2400
110.9200 54.8500 0.5771 1097.5486 242.6036 1340.1522 627.2200 570.6000 565.4500 346.4700 2.9830 1.9500 744.7000
112.8000 54.2800 0.5872 1116.1919 241.3504 1357.5423 628.1900 570.8800 565.6600 345.9900 2.9840 1.9700 745.1600
114.6700 53.6800 0.5980 1135.7863 241.9327 1377.7190 629.5300 571.3500 566.0500 345.5000 2.9840 2.0000 745.6300
116.5500 53.0400 0.6098 1157.4807 241.7635 1399.2442 630.8500 571.7500 566.3700 345.0100 2.9840 2.0200 746.1000
118.4300 52.3600 0.6227 1180.9795 242.3674 1423.3468 632.3500 572.2600 566.7900 344.5100 2.9840 2.0500 746.5800
120.3000 51.6400 0.6370 1207.0229 241.5764 1448.5994 633.7800 572.6100 567.0400 344.0100 2.9840 2.0900 747.0700
122.1800 50.8800 0.6524 1235.2216 241.3561 1476.5776 635.4000 573.0300 567.3500 343.5000 2.9840 2.1200 747.5600
124.0600 50.0900 0.6693 1266.0124 241.8126 1507.8251 637.2100 573.5400 567.7500 342.9800 2.9840 2.1600 748.0500
125.9300 49.2500 0.6882 1300.5299 239.3151 1539.8450 638.7900 573.7400 567.8200 342.4600 2.9840 2.2100 748.5600
127.8100 48.3800 0.7083 1336.9520 241.0475 1577.9995 641.0300 574.3800 568.3100 341.9200 2.9840 2.2500 749.0700
129.6900 47.4600 0.7307 1377.6312 240.9359 1618.5670 643.1800 574.8400 568.6100 341.3800 2.9840 2.3100 749.6000
131.5600 46.5000 0.7557 1423.1150 238.4713 1661.5863 645.2300 575.0600 568.6700 340.8300 2.9840 2.3700 750.1300
133.4400 45.4900 0.7830 1472.4962 238.2122 1710.7083 647.7200 575.4800 568.9000 340.2600 2.9840 2.4300 750.6700
135.3200 44.4300 0.8133 1527.0435 237.7990 1764.8426 650.4100 575.8600 569.0800 339.6900 2.9840 2.5000 751.2200
137.1900 43.3500 0.8464 1586.8269 236.8044 1823.6313 653.1900 576.1800 569.1700 339.1000 2.9840 2.5800 751.7800
139.0700 42.2700 0.8815 1649.7156 237.5565 1887.2721 656.2700 576.5900 569.3400 338.5100 2.9850 2.6600 752.3500
140.9500 41.1800 0.9190 1716.7350 237.8330 1954.5680 659.4200 576.9000 569.3800 337.9100 2.9850 2.7500 752.9300
142.8200 40.1000 0.9592 1788.7234 236.3777 2025.1011 662.5100 577.0000 569.2100 337.3100 2.9850 2.8400 753.5100
144.7000 39.0200 1.0025 1865.9705 233.9491 2099.9196 665.6400 576.9700 568.9000 336.7000 2.9850 2.9400 754.1000
146.5800 37.9300 1.0484 1947.4128 234.1576 2181.5704 669.1600 577.0400 568.6500 336.0800 2.9850 3.0500 754.6900
148.4500 36.8500 1.0979 2035.0039 233.3636 2268.3675 672.7200 576.9500 568.2200 335.4500 2.9850 3.1700 755.2900
150.3300 35.7700 1.1514 2129.6641 230.4374 2360.1015 676.2500 576.5900 567.5200 334.8100 2.9850 3.2900 755.9000
152.2100 34.6800 1.2091 2231.1335 227.9768 2459.1104 679.9800 576.1500 566.7000 334.1700 2.9850 3.4300 756.5200
154.0800 33.6000 1.2712 2339.9841 226.0544 2566.0385 683.9400 575.5900 565.7200 333.5200 2.9860 3.5800 757.1500
155.9600 32.5200 1.3386 2457.5619 222.8347 2680.3965 688.0100 574.8600 564.5500 332.8600 2.9860 3.7400 757.7800
157.8400 31.4300 1.4111 2582.9562 219.9957 2802.9519 692.4900 574.1400 563.3600 332.1900 2.9860 3.9200 758.3700
159.7100 30.3500 1.4904 2719.6508 214.7685 2934.4194 696.9700 573.0900 561.8000 331.5100 2.9860 4.1200 758.9800
161.5900 29.2700 1.5764 2866.7325 210.6256 3077.3581 701.7200 571.7700 559.9400 330.8200 2.9870 4.3400 759.5900
163.4700 28.2400 1.6657 3018.5035 204.2172 3222.7207 706.2100 570.1400 557.7500 330.1300 2.9870 4.5700 760.2000
165.3400 27.3500 1.7499 3160.6376 195.7587 3356.3963 710.0600 568.3600 555.4500 329.4600 2.9870 4.7900 760.8100
167.2200 26.5900 1.8273 3289.9056 187.7098 3477.6154 713.3800 566.5600 553.1900 328.7900 2.9880 5.0000 761.4000
169.1000 25.9400 1.8971 3405.3257 177.9030 3583.2287 716.0200 564.7300 550.9500 328.1300 2.9880 5.1900 761.9900
170.9700 25.4100 1.9576 3503.9130 168.7330 3672.6459 718.0700 563.0000 548.8800 327.4800 2.9880 5.3500 762.5700
172.8500 24.9800 2.0080 3584.5019 159.3672 3743.8691 719.4600 561.3900 546.9900 326.8300 2.9890 5.4900 763.1500
174.7300 24.6500 2.0472 3645.5724 149.3373 3794.9098 720.1200 559.8900 545.3000 326.1800 2.9890 5.6100 763.7200
176.6000 24.4300 2.0742 3685.1070 140.6613 3825.7682 720.1500 558.6100 543.9000 325.5400 2.9900 5.6800 764.2900
178.4800 24.3000 2.0889 3703.4174 130.9251 3834.3425 719.3900 557.4900 542.7400 324.9100 2.9900 5.7300 764.8600
180.0000 24.2700 2.0911 3701.6473 124.4406 3826.0880 718.3200 556.7800 542.0600 324.3900 2.9900 5.7400 765.3200
183.7500 24.9700 1.9937 3512.3778 85.5035 3597.8813 706.1100 554.2100 540.3700 323.1300 2.9910 5.4700 766.4400
187.5100 26.0100 1.8643 3280.2774 62.3220 3342.5994 694.6400 553.5100 540.6500 321.8600 2.9920 5.1200 767.5700
191.2600 27.0400 1.7495 3077.0046 49.1510 3126.1556 685.1500 553.1600 541.1400 320.6300 2.9930 4.8200 768.6700
195.0100 28.0500 1.6468 2896.2710 40.9612 2937.2321 676.8400 552.8300 541.5300 319.4300 2.9930 4.5600 769.7400
198.7700 29.0300 1.5548 2734.8149 35.3023 2770.1172 669.3600 552.4100 541.7500 318.2500 2.9940 4.3200 770.7900
202.5200 30.0000 1.4720 2589.8166 31.1077 2620.9243 662.5300 551.8700 541.7900 317.1000 2.9950 4.1200 771.8100
206.2700 30.9500 1.3973 2459.1546 27.9795 2487.1341 656.2500 551.2400 541.6700 315.9700 2.9950 3.9300 772.8200
210.0300 31.8700 1.3297 2341.0104 25.4564 2366.4668 650.4300 550.5100 541.4100 314.8600 2.9950 3.7700 773.8100
213.7800 32.7700 1.2684 2233.8567 23.3945 2257.2512 645.0100 549.7000 541.0200 313.7700 2.9960 3.6200 774.7900
217.5300 33.6600 1.2123 2135.7585 21.7874 2157.5459 640.0900 548.9900 540.7000 312.6900 2.9960 3.4800 775.7300
221.2900 34.5200 1.1605 2044.9888 20.1406 2065.1295 635.7700 548.5800 540.6400 311.6300 2.9970 3.3600 776.6200
225.0400 35.3600 1.1133 1962.0423 18.8513 1980.8936 631.7500 548.1100 540.4900 310.5900 2.9970 3.2500 777.4900
228.7900 36.1700 1.0700 1886.0988 17.7859 1903.8848 627.9800 547.5900 540.2700 309.5600 2.9970 3.1500 778.3600
232.5500 36.9700 1.0303 1816.5045 16.6945 1833.1990 624.4200 547.0100 539.9600 308.5500 2.9980 3.0500 779.2100
236.3000 37.7400 0.9938 1752.5065 15.8993 1768.4058 621.0900 546.4200 539.6200 307.5500 2.9980 2.9700 780.0500
240.0500 38.5000 0.9603 1693.6878 14.9687 1708.6565 617.9300 545.7800 539.2100 306.5700 2.9980 2.8900 780.8800
243.8100 39.2300 0.9293 1639.4100 14.3100 1653.7200 614.9700 545.1400 538.7800 305.5900 2.9980 2.8100 781.7000
247.5600 39.9300 0.9008 1589.3674 13.6155 1602.9829 612.1700 544.4800 538.3200 304.6300 2.9990 2.7500 782.5100
251.3100 40.6200 0.8744 1543.1284 13.0189 1556.1473 609.5300 543.8200 537.8400 303.6700 2.9990 2.6800 783.3100
255.0700 41.2800 0.8500 1500.3586 12.5695 1512.9281 607.0600 543.1800 537.3600 302.7300 2.9990 2.6300 784.1000
258.8200 41.9100 0.8274 1460.8084 12.0819 1472.8904 604.7200 542.5300 536.8600 301.7900 2.9990 2.5700 784.8900
262.5700 42.5300 0.8065 1424.2047 11.6286 1435.8333 602.5100 541.8800 536.3600 300.8600 2.9990 2.5200 785.6700
266.3300 43.1200 0.7872 1390.3416 11.1478 1401.4894 600.4300 541.2500 535.8600 299.9400 3.0000 2.4800 786.4400
270.0800 43.6900 0.7693 1358.9344 10.8327 1369.7672 598.4800 540.6500 535.3800 299.0300 3.0000 2.4300 787.2100
274.3500 44.3000 0.7506 1326.0310 10.4492 1336.4802 596.4100 539.9800 534.8400 298.0000 3.0000 2.3900 788.0800
